251654327918352_5.png 480 854 8 34.347728881835934 -18.721487426757818 294.7117193603516 415.21849670410154 1 112.08137756347656 297.55397949218747 317.11808532714844 883.3731445312501 2 6.9756632232666025 25.49953498840332 31.893881759643556 67.02989921569824 1 9.850843048095701 55.751846122741696 42.57174148559571 103.57467670440674 2 24.765420608520508 20.917746353149415 45.4050887298584 55.3171932220459 1 27.60998854637146 44.91523456573486 47.122784280776976 100.6660795211792 2 45.47031711578369 11.4765962600708 65.23132778167725 44.41161403656006 1 49.21610446929932 35.49577102661132 64.73357204437256 79.83139266967774 2 
251729950113973_2.png 480 854 2 155.42107360839844 198.1963317871094 296.62430603027343 433.53505249023436 1 150.9791492462158 352.4068832397461 294.3614269256592 762.0705337524414 2 
292701866246148_1.png 480 854 2 234.1512512207031 343.3015670776367 372.7258239746094 566.5607376098633 1 195.9543701171875 486.909912109375 357.6247314453125 902.6337890625 2 
207580882917936_4.png 480 854 0 
218208454892054_2.png 480 854 2 146.73091735839841 243.35770568847656 400.24765930175784 565.1290496826172 1 9.471789550781239 444.3710876464844 282.48988037109376 844.1475891113281 2 
251698914139742_1.png 480 854 4 144.03592163085938 377.7104736328125 254.34060424804687 561.551611328125 1 157.57653091430663 511.3488739013672 245.51386215209962 762.5983917236329 2 258.5873327636719 349.6886962890625 366.22181030273435 529.0794921875 1 271.2366455078125 476.18218994140625 368.90501708984374 755.2346801757812 2 
216002973063910_3.png 480 854 2 78.69706420898436 311.92613372802737 394.7065612792969 677.3120254516601 1 144.0259552001953 603.2472900390625 420.5342254638672 879.7556396484375 2 
258420797071162_1.png 480 854 6 135.99669189453124 317.6917037963867 383.58448486328126 684.8046340942383 1 191.81885681152343 602.5489868164062 354.0315460205078 948.3182006835938 2 -7.899275817871086 317.93013153076174 129.12138275146484 546.2978958129883 1 -8.141595458984384 465.73309936523435 141.47869262695315 883.0951477050781 2 372.8003863525391 354.5274688720703 539.382230834961 632.1638763427734 1 414.20432342529296 565.8057312011719 518.3179544067383 863.2732482910156 2 
207567318014681_1.png 480 854 6 354.6374206542969 454.67484893798826 466.9195251464844 595.8295455932617 1 297.87940368652346 567.450537109375 474.32274475097654 650.860009765625 2 103.13332557678223 287.4023162841797 131.9409236907959 325.4694488525391 1 100.28423118591309 315.6954940795898 133.2071933746338 328.0415664672852 2 44.194768524169916 301.0178619384766 95.34955825805665 340.50575866699216 1 35.63446044921875 273.2313659667969 83.19943237304688 344.1300842285156 2 
218188838935772_10.png 480 854 2 0.6621643066405909 617.061474609375 533.5291809082032 967.372119140625 1 -36.15272216796876 477.392626953125 486.84638671875 985.589794921875 2 
